cam0:
  T_cam_imu:
  - [0.9999171535756207, 0.012691200406782933, -0.0021492830114081215, 0.0017520344297475136]
  - [-0.012701903678383183, 0.9999066169338505, -0.005041731334251043, -0.00925565145557577]
  - [0.0020850966820103564, 0.0050686136306258124, 0.9999849806510545, -0.020113310155515807]
  - [0.0, 0.0, 0.0, 1.0]
  cam_overlaps: [1, 2]
  camera_model: pinhole
  distortion_coeffs: [0.003022672106865009, 0.009522466105805063, 0.002871855121949081,
    0.00013495045969115333]
  distortion_model: radtan
  intrinsics: [384.45179643973404, 384.78523859874434, 322.2480691442894, 246.4911371288146]
  resolution: [640, 480]
  rostopic: /infra_left
  timeshift_cam_imu: -0.006768561557235906
cam1:
  T_cam_imu:
  - [0.9999207197545504, 0.01231661901367655, -0.0026182248975421553, -0.04837975435206161]
  - [-0.012326208264700482, 0.999917263300223, -0.003678470335335493, -0.009524810860382834]
  - [0.0025727019565814206, 0.0037104514906753567, 0.9999898068252387, -0.021162486796232272]
  - [0.0, 0.0, 0.0, 1.0]
  T_cn_cnm1:
  - [0.9999998198847831, -0.00037222743180736725, -0.0004708260154592348, -0.0501447035432903]
  - [0.0003728693701251708, 0.9999990001295282, 0.0013640778472011302, -0.0002423858184168682]
  - [0.00047031779750035643, -0.0013642531581097783, 0.9999989588067012, -0.0010626486472629568]
  - [0.0, 0.0, 0.0, 1.0]
  cam_overlaps: [0, 2]
  camera_model: pinhole
  distortion_coeffs: [0.0033094627508105895, 0.0028500564784450853, 0.001308633880489102,
    0.0004804464806785611]
  distortion_model: radtan
  intrinsics: [383.79939184713237, 383.95551659425746, 322.6554246231207, 246.17350031270774]
  resolution: [640, 480]
  rostopic: /infra_right
  timeshift_cam_imu: -0.00675554702242029
