cam0:
  cam_overlaps: [1, 2]
  camera_model: pinhole
  distortion_coeffs: [0.003022672106865009, 0.009522466105805063, 0.002871855121949081,
    0.00013495045969115333]
  distortion_model: radtan
  intrinsics: [384.45179643973404, 384.78523859874434, 322.2480691442894, 246.4911371288146]
  resolution: [640, 480]
  rostopic: /infra_left
cam1:
  T_cn_cnm1:
  - [0.9999998198847818, -0.0003722274318073672, -0.00047082601545923473, -0.0501447035432903]
  - [0.00037286937012517076, 0.9999990001295269, 0.0013640778472011302, -0.0002423858184168682]
  - [0.0004703177975003564, -0.0013642531581097783, 0.9999989588066999, -0.0010626486472629568]
  - [0.0, 0.0, 0.0, 1.0]
  cam_overlaps: [0, 2]
  camera_model: pinhole
  distortion_coeffs: [0.0033094627508105895, 0.0028500564784450853, 0.001308633880489102,
    0.0004804464806785611]
  distortion_model: radtan
  intrinsics: [383.79939184713237, 383.95551659425746, 322.6554246231207, 246.17350031270774]
  resolution: [640, 480]
  rostopic: /infra_right
cam2:
  T_cn_cnm1:
  - [0.9999393449888674, 0.011008057990416787, 0.00035916920802902576, 0.06825152877110491]
  - [-0.011009955374239813, 0.9999225914834031, 0.005795854016294327, 0.0019383166143685088]
  - [-0.0002953403081580662, -0.005799456905656629, 0.9999831393947137, -0.0034999986242408646]
  - [0.0, 0.0, 0.0, 1.0]
  cam_overlaps: [0, 1]
  camera_model: pinhole
  distortion_coeffs: [0.11866656652181382, -0.2409958407252894, 0.0015550868815829427,
    0.0003769207570705737]
  distortion_model: radtan
  intrinsics: [603.2381336187116, 602.97121984669, 330.0316867557939, 245.35437838229035]
  resolution: [640, 480]
  rostopic: /color
